100
100
10
1 4 4 0
2 5 1 1
3 3 7 0
4 6 5 1
5 4 9 1
6 8 5 0
7 5 4 1
8 6 9 0
9 1 3 1
10 5 7 0
11 1 8 0
12 8 8 0
13 7 6 0
14 1 5 1
15 4 3 1
16 3 3 0
17 6 4 0
18 7 5 0
19 3 1 0
20 4 1 0
21 7 7 1
22 9 3 1
23 9 3 0
24 5 3 1
25 3 7 0
26 7 7 1
27 4 9 0
28 3 6 1
29 1 9 0
30 8 1 1
31 7 8 0
32 8 3 1
33 4 9 1
34 4 6 1
35 6 6 0
36 3 5 1
37 7 3 0
38 8 5 1
39 2 1 0
40 9 1 0
41 8 7 1
42 1 2 0
43 6 1 1
44 3 7 0
45 1 6 1
46 5 6 1
47 8 5 0
48 6 8 1
49 8 9 1
50 6 2 0
51 9 7 0
52 1 5 0
53 4 6 1
54 5 1 0
55 8 7 1
56 7 8 1
57 9 8 0
58 8 6 1
59 2 8 1
60 9 2 0
61 7 1 0
62 6 8 1
63 7 1 0
64 3 3 1
65 5 3 1
66 4 2 1
67 1 1 0
68 4 8 1
69 2 8 1
70 4 2 1
71 2 9 1
72 3 7 0
73 3 3 1
74 8 5 1
75 8 9 0
76 2 7 1
77 5 9 1
78 3 4 0
79 4 4 1
80 6 6 1
81 5 3 1
82 1 7 0
83 2 2 1
84 9 8 1
85 5 2 0
86 8 5 0
87 7 4 1
88 5 5 0
89 9 1 0
90 2 1 1
91 4 2 0
92 9 1 1
93 7 3 0
94 7 1 1
95 1 4 0
96 5 5 0
97 6 6 0
98 2 8 0
99 5 3 0
100 9 4 1