100
100
10
1 5 4 0
2 9 1 1
3 1 8 0
4 7 2 0
5 9 3 0
6 4 5 0
7 3 1 0
8 8 2 0
9 5 9 1
10 9 7 1
11 8 7 1
12 7 9 0
13 2 9 1
14 5 7 0
15 1 9 1
16 6 6 1
17 7 8 0
18 5 9 0
19 2 5 1
20 3 8 0
21 7 6 1
22 8 8 1
23 7 3 1
24 9 8 0
25 1 8 1
26 4 4 1
27 6 9 0
28 3 5 0
29 9 1 1
30 8 6 1
31 8 5 0
32 9 8 0
33 4 7 0
34 5 8 0
35 1 2 0
36 8 5 0
37 6 7 1
38 8 4 1
39 3 8 1
40 3 9 0
41 4 2 1
42 3 1 1
43 4 8 0
44 6 4 0
45 7 2 1
46 3 4 1
47 8 3 0
48 5 2 1
49 5 7 0
50 7 4 1
51 8 3 0
52 7 8 0
53 3 9 1
54 4 5 1
55 6 4 0
56 5 3 1
57 7 3 1
58 3 5 0
59 8 7 1
60 3 3 0
61 9 5 0
62 4 4 1
63 3 1 0
64 8 2 1
65 8 5 1
66 9 9 0
67 1 9 1
68 3 7 1
69 3 6 0
70 6 8 0
71 5 9 1
72 9 8 1
73 4 6 1
74 6 4 1
75 6 4 1
76 6 1 0
77 3 9 0
78 4 1 0
79 4 1 1
80 7 7 1
81 1 8 0
82 8 8 0
83 2 1 0
84 5 8 0
85 4 2 1
86 9 1 0
87 5 9 0
88 1 4 1
89 5 6 0
90 5 2 0
91 8 6 0
92 1 4 1
93 7 3 0
94 7 5 0
95 9 1 1
96 3 6 0
97 8 2 1
98 9 7 1
99 8 3 1
100 8 6 0