100
100
10
1 6 8 1
2 9 2 1
3 7 1 0
4 4 1 0
5 2 5 0
6 5 3 0
7 5 7 1
8 2 9 1
9 1 8 1
10 7 4 1
11 8 4 0
12 4 9 1
13 6 9 1
14 9 2 0
15 2 5 0
16 2 6 1
17 3 9 1
18 3 9 0
19 4 9 1
20 7 1 1
21 2 4 0
22 6 3 0
23 1 2 0
24 4 1 1
25 9 8 0
26 9 7 1
27 5 1 1
28 2 1 1
29 1 1 0
30 5 3 1
31 9 9 0
32 6 3 1
33 8 7 0
34 5 9 0
35 7 3 0
36 1 8 1
37 7 7 1
38 5 5 1
39 9 9 1
40 7 9 0
41 8 2 1
42 9 8 1
43 7 6 1
44 8 4 1
45 3 2 0
46 4 3 1
47 5 8 0
48 6 6 0
49 9 4 0
50 5 1 0
51 9 5 1
52 2 9 0
53 2 3 1
54 7 2 1
55 3 3 0
56 4 1 0
57 7 9 0
58 9 6 0
59 3 1 1
60 1 1 1
61 3 4 0
62 4 6 0
63 9 6 0
64 9 5 0
65 3 3 1
66 6 3 1
67 3 6 0
68 6 9 1
69 4 8 1
70 9 8 1
71 4 4 1
72 4 4 1
73 7 9 1
74 6 1 0
75 9 4 0
76 3 7 0
77 4 9 1
78 6 1 0
79 9 8 1
80 7 4 0
81 4 5 1
82 9 4 0
83 9 2 1
84 3 8 1
85 7 2 0
86 5 8 0
87 3 2 1
88 9 5 0
89 2 9 1
90 6 1 1
91 3 8 1
92 3 5 0
93 2 9 1
94 6 6 0
95 5 1 1
96 6 7 1
97 5 4 1
98 8 6 0
99 8 5 0
100 8 9 0