17
53
70
158
253
294
362
441
477
515
604
695
781
852
913
924
989
1036
1103
1174
1201
1255
1333
1360
1374
1382
1469
1549
1573
1615
1711
1783
1877
1932
1973
2051
2103
2116
2157
2252
2269
2352
2446
2474
2507
2593
2598
2662
2738
2828
2880
2941
3029
3100
3140
3220
3258
3340
3348
3435
3485
3506
3574
3667
3690
3776
3826
3900
3971
4016
4070
4113
4190
4231
4312
4350
4400
4488
4489
4553
4597
4628
4645
4709
4757
4812
4830
4925
4937
4975
5030
5040
5125
5146
5234
5265
5342
5412
5477
5561
5611
5638
5723
5765
5863
5886
5926
5958
5988
6026
6028
6111
6140
6223
6263
6318
6341
6410
6448
6458
6497
6594
6656
6711
6716
6784
6797
6823
6902
6990
7003
7071
7104
7149
7240
7293
7365
7440
7520
7540
7562
7612
7664
7731
7777
7794
7818
7879
7956
8022
8054
8060
8090
8105
8175
8224
8241
8313
8326
8391
8443
8469
8556
8606
8640
8722
8741
8761
8794
8795
8846
8884
8925
9011
9039
9134
9232
9267
9345
9424
9453
9524
9608
9637
9639
9654
9736
9760
9831
9895
9901
9970
10049
10090
10138
10228
10291
10377
10420
10451
10549
10604
10673
10705
10708
10734
10830
10838
10934
10944
10999
11029
11057
11107
11126
11137
11196
11295
11380
11416
11456
11522
11543
11603
11658
11721
11734
11741
11805
11846
11919
11962
11994
11996
12034
12055
12069
12153
12229
12287
12353
12403
12442
12524
12565
12630
12714
12782
12814
12860
12867
12932
12935
12969
12972
12984
13078
13080
13118
13139
13172
13178
13222
13245
13248
13334
13379
13415
13480
13491
13537
13627
13688
13703
13709
13767
13815
13817
13910
13999
14070
14155
14184
14265
14361
14440
14507
14605
14608
14650
14744
14791
14886
14968
15015
15029
15109
15113
15175
15199
15225
15302
15365
15460
15528
15540
15612
15679
15753
15839
15866
15889
15950
15951
16049
16079
16165
16228
16322
16393
16478
16542
16585
16650
16686
16743
16828
16873
16929
17005
17017
17057
17143
17164
17228
17266
17353
17393
17436
17493
17517
17540
17633
17709
17778
17835
17896
17980
18010
18067
18161
18193
18253
18336
18407
18454
18475
18553
18573
18607
18634
18670
18719
18760
18847
18905
18972
18988
18989
19015
19070
19144
19228
19320
19329
19373
19415
19493
19542
19587
19614
19680
19718
19817
19901
19994
20045
20125
20133
20205
20232
20258
20345
20405
20420
20474
20541
20560
20617
20711
20722
20802
20864
20948
20966
20981
21076
21129
21163
21165
21247
21319
21408
21454
21538
21615
21635
21715
21734
21758
21853
21877
21892
21977
22013
22057
22140
22144
22161
22198
22289
22305
22310
22394
22468
22550
22570
22637
22696
22722
22816
22846
22876
22908
22959
22982
23080
23085
23120
23167
23203
23236
23253
23306
23360
23378
23396
23432
23497
23553
23626
23693
23710
23794
23831
23893
23950
23960
23963
24046
24081
24153
24239
24303
24339
24373
24375
24472
24533
24564
24644
24675
24735
24811
24873
24917
24942
25013
25099
25157
25201
25285
25328
25329
25358
25455
25549
25609
25697
25759
25818
25910
25936
26010
26041
26069
26116
26140
26193
26206
26266
26348
26365
26444
26455
26474
26525
26610
26650
26694
26700
26775
26830
26882
26898
26953
26964
27057
27077
27155
27219
27292
27306
27334
27390
27480
27484
27526
27591
27613
27625
27715
27765
27780
27863
27887
27933
27935
27956
27972
28065
28137
28147
28150
28170
28196
28210
28293
28297
28333
28375
28438
28443
28539
28610
28624
28634
28673
28699
28749
28758
28825
28916
28990
29010
29059
29078
29118
29132
29227
29261
29269
29358
29367
29409
29464
29482
29572
29651
29693
29758
29786
29793
29879
29930
29971
30017
30100
30144
30180
30251
30277
30333
30426
30430
30490
30523
30566
30617
30685
30707
30733
30829
30845
30893
30969
30985
31005
31070
31100
31123
31147
31198
31209
31225
31316
31343
31411
31479
31539
31544
31594
31602
31679
31757
31776
31793
31880
31889
31940
32027
32047
32108
32137
32163
32185
32228
32260
32306
32379
32419
32437
32443
32455
32539
32559
32617
32690
32732
32774
32819
32887
32946
33023
33044
33080
33167
33210
33234
33262
33280
33313
33327
33378
33414
33430
33482
33515
33557
33634
33699
33777
33853
33925
33947
33999
34015
34078
34116
34166
34246
34340
34423
34451
34471
34519
34585
34644
34671
34700
34768
34787
34877
34897
34901
34988
35084
35107
35139
35154
35169
35174
35209
35232
35311
35399
35410
35447
35484
35581
35610
35668
35696
35726
35756
35821
35837
35853
35897
35954
35988
36049
36074
36116
36141
36157
36160
36206
36249
36336
36340
36362
36396
36439
36450
36541
36639
36661
36680
36734
36750
36780
36855
36913
36982
36990
37001
37006
37091
37143
37162
37194
37255
37318
37389
37444
37485
37547
37646
37729
37779
37866
37909
38004
38021
38091
38139
38181
38213
38234
38255
38262
38323
38404
38408
38473
38508
38525
38593
38604
38610
38624
38676
38761
38763
38847
38944
38976
39032
39069
39151
39183
39282
39287
39289
39306
39393
39439
39484
39516
39584
39630
39729
39766
39817
39877
39902
39925
39999
40037
40129
40205
40207
40251
40266
40312
40325
40337
40424
40507
40541
40574
40626
40678
40744
40817
40883
40914
41001
41048
41123
41141
41187
41248
41307
41362
41389
41413
41426
41459
41481
41555
41610
41633
41658
41748
41844
41914
41943
41995
42034
42048
42077
42112
42123
42156
42180
42209
42285
42323
42405
42453
42503
42552
42592
42642
42692
42776
42868
42923
42996
43082
43130
43139
43206
43260
43323
43350
43408
43450
43451
43483
43523
43618
43705
43755
43798
43828
43864
43894
43981
44060
44074
44100
44118
44147
44243
44262
44270
44306
44330
44346
44378
44466
44517
44578
44588
44632
44711
44776
44813
44821
44915
44921
44966
45062
45155
45207
45277
45293
45304
45401
45418
45458
45459
45513
45571
45663
45725
45752
45786
45825
45836
45842
45909
45999
46094
46114
46124
46204
46289
46309
46371
46446
46452
46550
46608
46670
46677
46741
46797
46823
46897
46933
47002
47078
47125
47190
47233
47271
47286
47292
47365
47384
47471
47532
47554
47634
47675
47764
47803
47811
47879
47947
48006
48086
48105
48118
48204
48225
48246
48304
48380
48402
48418
48445
48506
48531
48628
48646
